[2020]
INSS_FAIXAS=1045.00,2089.60,3134.40,6101.06
INSS_ALIQUOTAS=0.075,0.09,0.12,0.14
IRRF_FAIXAS=1903.98,2826.65,3751.05,4664.68
IRRF_ALIQUOTAS=0.075,0.15,0.225,0.275
IRRF_DEDUCOES=142.80,354.80,636.13,869.36
FGTS=0.08

[2021]
INSS_FAIXAS=1100.00,2203.48,3305.22,6433.57
INSS_ALIQUOTAS=0.075,0.09,0.12,0.14
IRRF_FAIXAS=1903.98,2826.65,3751.05,4664.68
IRRF_ALIQUOTAS=0.075,0.15,0.225,0.275
IRRF_DEDUCOES=142.80,354.80,636.13,869.36
FGTS=0.08

[2022]
INSS_FAIXAS=1212.00,2427.35,3641.03,7087.22
INSS_ALIQUOTAS=0.075,0.09,0.12,0.14
IRRF_FAIXAS=1903.98,2826.65,3751.05,4664.68
IRRF_ALIQUOTAS=0.075,0.15,0.225,0.275
IRRF_DEDUCOES=142.80,354.80,636.13,869.36
FGTS=0.08

[2023]
INSS_FAIXAS=1302.00,2571.29,3856.94,7507.49
INSS_ALIQUOTAS=0.075,0.09,0.12,0.14
IRRF_FAIXAS=2112.00,2826.65,3751.05,4664.68
IRRF_ALIQUOTAS=0.075,0.15,0.225,0.275
IRRF_DEDUCOES=158.40,370.40,651.73,884.96
FGTS=0.08

[2024]
INSS_FAIXAS=1412.00,2666.68,4000.03,7786.02
INSS_ALIQUOTAS=0.075,0.09,0.12,0.14
IRRF_FAIXAS=2259.20,2826.65,3751.05,4664.68
IRRF_ALIQUOTAS=0.075,0.15,0.225,0.275
IRRF_DEDUCOES=169.44,381.44,662.77,896.00
FGTS=0.08

[2025]
INSS_FAIXAS=1500.00,2800.00,4200.00,8000.00
INSS_ALIQUOTAS=0.075,0.09,0.12,0.14
IRRF_FAIXAS=2300.00,2900.00,3900.00,4800.00
IRRF_ALIQUOTAS=0.075,0.15,0.225,0.275
IRRF_DEDUCOES=172.00,385.00,670.00,900.00
FGTS=0.08


